0	0.00719587	0.0473234	1.26853e-07	0.0120196	-1
1	0.00682274	0.0462797	2.58651e-09	0.0123594	-1
2	0.00730437	0.0462797	2.68484e-05	0.0122066	-1
3	0.00749797	0.0462797	1.89945e-05	0.012669	-1
4	0.00773175	0.0462797	2.80372e-05	0.0110052	-1
5	0.00646099	0.0472887	1.81558e-16	0.0116402	-1
6	0.00656386	0.0472887	2.74251e-05	0.0108543	-1
7	0.00818785	0.0472887	6.44495e-09	0.0123713	-1
8	0.00866404	0.0472887	4.45221e-12	0.0122915	-1
9	0.00743859	0.0472887	7.3936e-07	0.0123048	-1
10	0.0125291	0.0472887	1.08308e-05	0.0150492	-1
1	0.00564914	0.0462982	3.12073e-07	0.00894382	-1
2	0.00698949	0.0471049	9.989e-08	0.0118195	-1
3	0.00801486	0.0485326	8.29585e-12	0.0133982	-1
4	0.0130091	0.0485326	3.2514e-09	0.015276	-1
5	0.0110488	0.0485326	1.47831e-07	0.0135448	-1
6	0.0115123	0.0485326	5.01914e-09	0.0136949	-1
7	0.0117623	0.0485326	4.08686e-05	0.0144547	-1
8	0.0104518	0.0494803	5.59764e-05	0.012935	-1
9	0.0136076	0.0514315	9.22777e-05	0.0144438	-1
10	0.0139754	0.0514315	1.18575e-14	0.0161312	-1
1	0.00626953	0.0473234	1.19628e-05	0.011568	-1
2	0.00653025	0.0473234	1.45732e-05	0.0128161	-1
3	0.0045857	0.0473234	6.89307e-06	0.00974744	-1
4	0.0047748	0.0476393	0	0.0093794	-1
5	0.00506625	0.047771	0	0.0105015	-1
6	0.00704398	0.047771	8.96036e-06	0.0126453	-1
7	0.00635519	0.047771	2.44718e-05	0.0111885	-1
8	0.00645692	0.047771	2.13907e-05	0.0114041	-1
9	0.0106205	0.0572022	1.01653e-06	0.0153717	-1
10	0.0107463	0.0572022	1.13715e-05	0.0129234	-1
11	0.013599	0.0473808	0	0.0164201	-1
12	0.0186163	0.0482002	0	0.0176384	-1
13	0.0189637	0.0494348	2.55013e-10	0.0189095	-1
14	0.0282903	0.0494348	0.000239452	0.019487	-1
15	0.0319541	0.0494348	0.00136973	0.0182309	-1
16	0.0366552	0.0504245	4.47427e-05	0.0145003	-1
17	0.0416157	0.0516267	0.00265117	0.0109159	-1
18	0.0369753	0.0523063	0.000294569	0.016203	-1
19	0.043487	0.0523063	0.0111993	0.00800887	-1
20	0.0427166	0.0523063	0.000996954	0.00956218	-1
11	0.0132191	0.0514315	1.83088e-05	0.013274	-1
12	0.0126879	0.0514315	2.52011e-06	0.0135031	-1
13	0.0130914	0.0514315	0.000336394	0.0137451	-1
14	0.0130407	0.0514315	1.47232e-07	0.0145475	-1
15	0.0094363	0.0514315	5.84194e-07	0.0141468	-1
16	0.00865035	0.0514315	7.98051e-06	0.0124774	-1
17	0.00997545	0.0514315	1.38266e-07	0.0132591	-1
18	0.0144349	0.0523957	2.6679e-05	0.0176832	-1
19	0.0122718	0.0523957	0.000286234	0.0163494	-1
20	0.0141916	0.0523957	7.36438e-05	0.0165024	-1
11	0.00904764	0.0572022	3.06193e-05	0.0138553	-1
12	0.0102871	0.0572022	1.68537e-05	0.0150848	-1
13	0.00946466	0.0572022	4.51909e-05	0.0143925	-1
14	0.00974177	0.0572022	1.22522e-06	0.0141943	-1
15	0.0119993	0.0572022	1.58131e-05	0.0157183	-1
16	0.0107585	0.0572022	1.33314e-05	0.0134291	-1
17	0.0137579	0.0572022	5.34933e-05	0.0165079	-1
18	0.0138372	0.0572022	5.48903e-05	0.0152909	-1
19	0.013014	0.0572022	0.000111191	0.0168714	-1
20	0.0117633	0.0572022	0.000214648	0.0151434	-1
21	0.0427325	0.053732	0.00285591	0.00971877	-1
22	0.0447648	0.053732	0.0201125	0.00726807	-1
23	0.0468408	0.053732	0.0279181	0.00445128	-1
24	0.0468107	0.053732	0.0264651	0.00486009	-1
25	0.0454844	0.0541326	0.000287036	0.00881007	-1
26	0.0477231	0.0541326	0.0415705	0.0029903	-1
27	0.0474958	0.0541326	0.0425009	0.00286386	-1
28	0.0478595	0.0541326	0.041098	0.00272486	-1
29	0.0479402	0.0541326	0.040511	0.00282448	-1
30	0.0482369	0.0542915	0.038241	0.00313763	-1
21	0.0121834	0.0523957	0.000102654	0.0156905	-1
22	0.0132587	0.0523957	0.000258824	0.0149113	-1
23	0.0173582	0.0523957	0.000266116	0.0167728	-1
24	0.0163084	0.0523957	0.000138806	0.0168567	-1
25	0.0192688	0.0523957	0.000252871	0.0181009	-1
26	0.0192633	0.052691	1.60995e-05	0.0190899	-1
27	0.0141804	0.052691	6.16805e-05	0.0171325	-1
28	0.013759	0.052691	0.000194155	0.0166704	-1
29	0.0134725	0.052691	0.000175224	0.0168359	-1
30	0.0125527	0.052691	9.27505e-05	0.0153806	-1
31	0.0487087	0.0542915	0.0437129	0.00295087	-1
32	0.0483219	0.0542915	0.0437303	0.00287802	-1
33	0.0489212	0.0542915	0.0448722	0.0024552	-1
34	0.0487382	0.0547146	0.044319	0.00238939	-1
35	0.0485561	0.0547146	0.0442723	0.00224951	-1
36	0.0485578	0.0554092	0.0438166	0.00249897	-1
37	0.0488032	0.0554092	0.0429721	0.00253334	-1
38	0.048078	0.0554092	0.0245221	0.00461635	-1
39	0.0484922	0.0554092	0.0323786	0.00360275	-1
40	0.0495142	0.0554092	0.0441607	0.00231668	-1
21	0.0111858	0.0572022	0.000118403	0.0144158	-1
22	0.0151732	0.0572022	6.18645e-07	0.015898	-1
23	0.010333	0.0572022	7.80503e-07	0.0139525	-1
24	0.0129042	0.0572022	1.43236e-05	0.0160511	-1
25	0.0141773	0.0572022	0.000156718	0.0159523	-1
26	0.0154239	0.0572022	0.000108888	0.0152218	-1
27	0.0167097	0.0572022	6.49706e-05	0.0160724	-1
28	0.0143805	0.0572022	0.000226843	0.0151935	-1
29	0.0134873	0.0572022	5.05422e-06	0.0150312	-1
30	0.0126051	0.0720523	6.96451e-06	0.0154747	-1
31	0.0160425	0.052691	0.0002233	0.0157509	-1
32	0.0174332	0.0536251	0.000931804	0.0159445	-1
33	0.0156364	0.0536251	4.82896e-06	0.0154653	-1
34	0.0144739	0.0536251	2.97926e-06	0.0145542	-1
35	0.0106519	0.0536251	0.000118575	0.0133594	-1
36	0.0101306	0.0553397	8.02754e-17	0.0153773	-1
37	0.012072	0.055794	1.12666e-12	0.0172474	-1
38	0.0121576	0.131709	6.63924e-06	0.0221676	-1
39	0.0167451	0.131709	0.000182282	0.0234922	-1
40	0.0157381	0.131709	0.000342236	0.0220814	-1
41	0.0494117	0.0554092	0.0446036	0.00255538	-1
42	0.0497678	0.0554092	0.0448732	0.00261145	-1
43	0.04986	0.0554092	0.0435222	0.0028723	-1
44	0.0495676	0.0554092	0.0427458	0.00308994	-1
45	0.049934	0.0556923	0.0450551	0.00298422	-1
46	0.0507255	0.0559088	0.0442904	0.00250042	-1
47	0.0505996	0.0559088	0.0459693	0.00220676	-1
48	0.0505899	0.0559088	0.0449882	0.00253487	-1
49	0.0496704	0.0559088	0.0441017	0.00267508	-1
50	0.0491348	0.0559088	0.0445093	0.00255971	-1
31	0.0223358	0.40583	0.000175402	0.0572904	-1
32	0.0246055	0.40583	0.000145536	0.0571795	-1
33	0.0220263	0.40583	0.000108678	0.0572208	-1
34	0.0230813	0.40583	8.06954e-05	0.0574359	-1
35	0.0225837	0.40583	0.00026371	0.0572902	-1
36	0.0274204	0.40583	0.000114036	0.0574287	-1
37	0.0261442	0.40583	0.000112508	0.0571311	-1
38	0.0260382	0.40583	0.00168059	0.057371	-1
39	0.0325182	0.40583	0.00145382	0.0619212	-1
40	0.0255286	0.40583	0.00122048	0.0572382	-1
41	0.0155688	0.131709	0.000373106	0.0223742	-1
42	0.0162311	0.131709	0.000458344	0.0231556	-1
43	0.0190514	0.131709	0.000289394	0.0233223	-1
44	0.0201824	0.131709	0.00107918	0.0221692	-1
45	0.0218973	0.131709	0.00130248	0.0224013	-1
46	0.0162192	0.131709	0.000680158	0.0224923	-1
47	0.0174719	0.131709	0.000375204	0.0227395	-1
48	0.0108126	0.131709	0.00050738	0.0207544	-1
49	0.0145586	0.131709	0.000772934	0.0219682	-1
50	0.0148925	0.131709	0.000508707	0.0217224	-1
51	0.0496238	0.0559088	0.0441739	0.0030072	-1
52	0.050257	0.057281	0.0438189	0.0030544	-1
53	0.0499711	0.057281	0.042979	0.00318876	-1
54	0.0498955	0.057281	0.0436372	0.00258613	-1
55	0.0501667	0.057281	0.0421389	0.003127	-1
56	0.0501687	0.057281	0.0427016	0.00320101	-1
57	0.0493011	0.057281	0.0437984	0.00280762	-1
58	0.0498913	0.057281	0.0447317	0.00288378	-1
59	0.0497236	0.057281	0.0442783	0.00296105	-1
60	0.0496113	0.057281	0.0445606	0.0025754	-1
41	0.0250652	0.40583	0.00142587	0.0570828	-1
42	0.0242965	0.40583	0.00160352	0.0576605	-1
43	0.0238937	0.40583	0.0014097	0.0574156	-1
44	0.0268315	0.40583	0.00164262	0.0573952	-1
45	0.0240867	0.40583	0.00105097	0.0577634	-1
46	0.0255639	0.40583	0.000918921	0.0603811	-1
47	0.0201596	0.40583	0.00137662	0.057625	-1
48	0.0214262	0.40583	0.00126677	0.0574721	-1
49	0.0186176	0.40583	0.00147787	0.05753	-1
50	0.0185317	0.40583	0.00149187	0.0576266	-1
51	0.0159488	0.131709	0.000353627	0.0207051	-1
52	0.0139123	0.131709	0.000615369	0.0210208	-1
53	0.0129636	0.131709	0.000655096	0.02037	-1
54	0.0177752	0.131709	0.000982538	0.0224684	-1
55	0.0179186	0.131709	0.00129803	0.0212183	-1
56	0.0160301	0.131709	0.000344043	0.0206982	-1
57	0.0183608	0.131709	0.00125844	0.0206601	-1
58	0.0173362	0.131709	0.000333671	0.021729	-1
59	0.0192929	0.131709	0.000366515	0.0216544	-1
60	0.0164709	0.131709	0.000142238	0.0202301	-1
61	0.0503387	0.057281	0.0455185	0.00234605	-1
62	0.0508964	0.057281	0.0464089	0.00212137	-1
63	0.0514003	0.057281	0.0462888	0.00272182	-1
64	0.0508104	0.057281	0.0435257	0.00269834	-1
65	0.0508499	0.057281	0.0418375	0.0031796	-1
66	0.0508102	0.057281	0.0436325	0.00302053	-1
67	0.0507676	0.057281	0.0451373	0.00227861	-1
68	0.0505763	0.057281	0.0463318	0.00236195	-1
69	0.0499131	0.057281	0.0423724	0.00262588	-1
70	0.0503628	0.057281	0.0458533	0.00241367	-1
51	0.0214158	0.40583	0.00145873	0.0588642	-1
52	0.0227567	0.40583	0.000897538	0.0573875	-1
53	0.0220494	0.40583	0.00175234	0.0578076	-1
54	0.0179616	0.40583	0.00103449	0.057275	-1
55	0.0234261	0.40583	0.00141301	0.0577242	-1
56	0.0194168	0.40583	0.00169404	0.057532	-1
57	0.0270719	0.40583	0.00142266	0.0699554	-1
58	0.0211764	0.40583	0.00149558	0.0576168	-1
59	0.0236814	0.40583	0.00142283	0.0568624	-1
60	0.0259748	0.40583	0.00156956	0.0572658	-1
71	0.0506643	0.057281	0.0455579	0.0021431	-1
72	0.0496093	0.057281	0.0139405	0.00636682	-1
73	0.0506163	0.057281	0.0451332	0.00263752	-1
74	0.0507658	0.057281	0.0449428	0.00225338	-1
75	0.0509505	0.057281	0.0470599	0.00203032	-1
76	0.0516174	0.057281	0.0458694	0.00240246	-1
77	0.0510804	0.057281	0.0451217	0.00263982	-1
78	0.0508256	0.057281	0.0452323	0.00263223	-1
79	0.0508961	0.057281	0.0437428	0.00318222	-1
80	0.0509709	0.057281	0.0440958	0.00280316	-1
61	0.0191692	0.131709	0.00066836	0.0208969	-1
62	0.0238131	0.131709	0.00112787	0.0226477	-1
63	0.0204834	0.131709	0.000915339	0.0240031	-1
64	0.0191585	0.131709	0.00173513	0.0202796	-1
65	0.0210074	0.131709	0.00238543	0.020779	-1
66	0.0200771	0.131709	0.00166871	0.0202665	-1
67	0.021897	0.131709	0.00216435	0.0223005	-1
68	0.0251213	0.131709	0.00199637	0.0234923	-1
69	0.0194365	0.131709	0.0024542	0.0212138	-1
70	0.0182894	0.131709	0.00225158	0.0205531	-1
61	0.0265491	0.40583	0.00135357	0.0576972	-1
62	0.0254193	0.40583	0.00110041	0.057728	-1
63	0.0269216	0.40583	0.0016894	0.0571162	-1
64	0.0315987	0.40583	0.00138002	0.0573411	-1
65	0.0358147	0.40583	0.00144713	0.0570384	-1
66	0.030029	0.40583	0.00183749	0.0572478	-1
67	0.0312193	0.40583	0.00161927	0.0596126	-1
68	0.036119	0.40583	0.00162178	0.0559595	-1
69	0.029684	0.40583	0.00189991	0.0566206	-1
70	0.0408969	0.40583	0.00154577	0.0748536	-1
81	0.0518034	0.057281	0.0470748	0.00225068	-1
82	0.051245	0.057281	0.0458838	0.0022847	-1
83	0.0510927	0.057281	0.0449586	0.00222402	-1
84	0.0509664	0.057281	0.0460543	0.00210512	-1
85	0.0513975	0.057281	0.0466523	0.00214999	-1
86	0.0514619	0.057281	0.0467872	0.0021244	-1
87	0.051678	0.057281	0.046217	0.00220038	-1
88	0.0510179	0.057281	0.0455169	0.00272401	-1
89	0.0500571	0.057281	0.0002986	0.00760834	-1
90	0.0511281	0.057281	0.0450213	0.0028351	-1
71	0.0178861	0.131709	0.00214073	0.0218013	-1
72	0.0169186	0.131709	0.00123944	0.0210786	-1
73	0.0218253	0.238933	0.000851306	0.0419033	-1
74	0.0224288	0.238933	0.00100298	0.036933	-1
75	0.022203	0.238933	0.00117815	0.0347127	-1
76	0.0218003	0.238933	0.00115452	0.034056	-1
77	0.0216872	0.238933	0.00190391	0.0336637	-1
78	0.0222589	0.238933	0.00144241	0.0342873	-1
79	0.0231614	0.238933	0.00128736	0.036435	-1
80	0.0236495	0.238933	0.00134066	0.034968	-1
71	0.0313943	0.40583	0.0028329	0.05666	-1
72	0.0340538	0.40583	0.00161661	0.0561893	-1
73	0.0375635	0.40583	0.00197229	0.055213	-1
74	0.0365078	0.40583	0.00323078	0.0551845	-1
75	0.0372875	0.40583	0.00631753	0.0545157	-1
76	0.044792	0.454123	0.0008987	0.0806379	-1
77	0.0353987	0.454123	0.00333217	0.0618818	-1
78	0.0511617	0.673976	0.00236216	0.116344	-1
79	0.0374185	0.673976	0.00163929	0.0930648	-1
80	0.0357383	0.673976	0.00182011	0.0933659	-1
91	0.0504785	0.057281	0.0439079	0.00308709	-1
92	0.0496186	0.0573835	0.000298606	0.00763281	-1
93	0.0497789	0.0573835	0.000287564	0.00762436	-1
94	0.0509711	0.0573835	0.0443363	0.00264285	-1
95	0.048567	0.0573835	0.00023187	0.0126953	-1
96	0.0496818	0.057484	0.000217877	0.00868145	-1
97	0.0511956	0.057484	0.044098	0.00263681	-1
98	0.0516451	0.057484	0.0438977	0.00281046	-1
99	0.0521973	0.057484	0.046531	0.00257686	-1
100	0.0522862	0.057484	0.0464689	0.00243245	-1
81	0.0253465	0.238933	0.0033089	0.0334942	-1
82	0.0285925	0.238933	0.000569275	0.0416968	-1
83	0.0293744	0.238933	0.00275554	0.0343973	-1
84	0.0306306	0.238933	0.00336621	0.0404457	-1
85	0.0256008	0.238933	0.00195238	0.0334906	-1
86	0.030001	0.238933	0.00414411	0.0330889	-1
87	0.0275617	0.238933	0.00264283	0.0330823	-1
88	0.0269263	0.238933	0.00265301	0.0334981	-1
89	0.0305035	0.238933	0.0064854	0.033552	-1
90	0.0268331	0.238933	0.00273241	0.0338061	-1
81	0.0388395	0.673976	0.00291763	0.0927669	-1
82	0.0486167	0.673976	0.00212814	0.115818	-1
83	0.037814	0.673976	0.00269826	0.0939626	-1
84	0.0430544	0.673976	0.00236519	0.0933703	-1
85	0.0434377	0.673976	0.00226448	0.0932003	-1
86	0.0402001	0.673976	0.00216145	0.0943398	-1
87	0.0401877	0.673976	0.00210156	0.0932544	-1
88	0.0524679	0.673976	0.00389604	0.109003	-1
89	0.0379767	0.673976	0.00210506	0.0931987	-1
90	0.0534023	0.673976	0.0026135	0.128274	-1
101	0.0521794	0.057484	0.0491182	0.00192955	-1
102	0.0521355	0.057484	0.0487094	0.00240782	-1
103	0.0520193	0.057484	0.048257	0.00246743	-1
104	0.0520657	0.057484	0.0481175	0.00225682	-1
105	0.0521461	0.057484	0.0479277	0.00187979	-1
106	0.0515881	0.057484	0.0458996	0.00202252	-1
107	0.0512993	0.057484	0.0452374	0.00236437	-1
108	0.0506403	0.0575119	0.00029052	0.00758939	-1
109	0.0516253	0.0575119	0.0467736	0.00193287	-1
110	0.0516733	0.0575119	0.0475469	0.00209179	-1
91	0.0237052	0.238933	0.00183065	0.0351095	-1
92	0.0282017	0.238933	0.00295455	0.0334429	-1
93	0.0307603	0.238933	0.00257082	0.0349228	-1
94	0.0258938	0.238933	0.00278786	0.0339125	-1
95	0.0296957	0.238933	0.00462684	0.0417557	-1
96	0.0332237	0.238933	0.00337835	0.0351673	-1
97	0.0286744	0.238933	0.00245688	0.0331872	-1
98	0.032461	0.238933	0.00257499	0.0365737	-1
99	0.0300398	0.238933	0.00277892	0.0334087	-1
100	0.0289173	0.238933	0.0021569	0.0331626	-1
91	0.0426698	0.673976	0.00222279	0.0929145	-1
92	0.042177	0.673976	0.00207064	0.0937236	-1
93	0.0407888	0.673976	0.00218267	0.0932652	-1
94	0.0370262	0.720692	0.00212171	0.100104	-1
95	0.0371265	0.720692	0.00189023	0.0997578	-1
96	0.0400026	0.720692	0.00213758	0.106355	-1
97	0.0385524	0.720692	0.00210852	0.0999324	-1
98	0.0410098	0.720692	0.00208716	0.107787	-1
99	0.0376514	0.720692	0.00172274	0.100252	-1
100	0.0376683	0.720692	0.00215728	0.100102	-1
111	0.0515717	0.0575119	0.0445927	0.00248304	-1
112	0.0521699	0.0575119	0.0494283	0.00190152	-1
113	0.0517045	0.0575119	0.0472499	0.00224972	-1
114	0.0518248	0.0575119	0.0475865	0.00195053	-1
115	0.0514837	0.0575119	0.0483961	0.00226314	-1
116	0.0512316	0.0575119	0.0475435	0.00202174	-1
117	0.0516952	0.0575119	0.0475145	0.00206114	-1
118	0.051591	0.0575119	0.0492163	0.00181456	-1
119	0.052011	0.0575119	0.0494842	0.00207886	-1
120	0.0520583	0.0575119	0.048552	0.00194673	-1
101	0.0275176	0.238933	0.00361715	0.0327645	-1
102	0.0295989	0.238933	0.00235316	0.0328608	-1
103	0.0288481	0.238933	0.00297055	0.0323988	-1
104	0.0279653	0.238933	0.00334501	0.033324	-1
105	0.0263847	0.238933	0.00340868	0.0327644	-1
106	0.0260122	0.238933	0.00243436	0.034091	-1
107	0.0284397	0.238933	0.00233094	0.0345389	-1
108	0.0278976	0.238933	0.00254726	0.0344587	-1
109	0.0266648	0.238933	0.00222098	0.0345353	-1
110	0.0251723	0.238933	0.00247803	0.0342088	-1
101	0.0398004	0.720692	0.00212075	0.0996502	-1
102	0.03917	0.720692	0.00345614	0.0999043	-1
103	0.0502378	0.720692	0.00144743	0.122543	-1
104	0.0492437	0.720692	0.00185634	0.106658	-1
105	0.0616964	0.720692	0.00202624	0.137805	-1
106	0.0370638	0.720692	0.00212962	0.100483	-1
107	0.0369425	0.720692	0.0018696	0.101455	-1
108	0.0360192	0.720692	0.00210578	0.100703	-1
109	0.0347921	0.720692	0.0019883	0.100434	-1
110	0.0363271	0.720692	0.00215236	0.100288	-1
121	0.0515759	0.0575119	0.0489262	0.00195359	-1
122	0.0514309	0.0575119	0.0490171	0.0019939	-1
123	0.0516248	0.0575119	0.0488479	0.0019114	-1
124	0.0518402	0.0575119	0.0490128	0.00201533	-1
125	0.0513784	0.0575119	0.0481157	0.00176406	-1
126	0.0518261	0.0575119	0.0493856	0.00218916	-1
127	0.0512893	0.0575119	0.0482398	0.00203839	-1
128	0.0518121	0.0575119	0.0485297	0.00216764	-1
129	0.0516954	0.0575119	0.0488506	0.00207368	-1
130	0.0521831	0.0575119	0.0496749	0.00195216	-1
111	0.0303617	0.238933	0.00274705	0.0326366	-1
112	0.0295421	0.238933	0.00302641	0.0328528	-1
113	0.0382157	0.238933	0.00253635	0.0449701	-1
114	0.0279856	0.240964	0.00239951	0.0351099	-1
115	0.0288126	0.240964	0.00277167	0.0421241	-1
116	0.0269867	0.240964	0.0022137	0.0336752	-1
117	0.0271475	0.240964	0.00276411	0.0333129	-1
118	0.024354	0.240964	0.00207048	0.0339653	-1
119	0.0270568	0.240964	0.00282287	0.0331811	-1
120	0.0274763	0.240964	0.00277626	0.0337241	-1
111	0.0403941	0.720692	0.00197221	0.0995304	-1
112	0.0395902	0.720692	0.00265459	0.0995309	-1
113	0.0389183	0.720692	0.00193956	0.099852	-1
114	0.0477472	0.720692	0.00192811	0.121783	-1
115	0.0320936	0.720692	0.00192957	0.100658	-1
116	0.0471443	0.720692	0.00201159	0.109513	-1
117	0.0417093	0.720692	0.00222048	0.10035	-1
118	0.0559973	0.720692	0.00269506	0.136748	-1
119	0.040085	0.720692	0.00186258	0.0999568	-1
120	0.0383569	0.720692	0.0019136	0.0999953	-1
131	0.0521069	0.0575119	0.048998	0.00213154	-1
132	0.0518656	0.0575119	0.0474714	0.00186899	-1
133	0.0518252	0.0575119	0.0487479	0.00177303	-1
134	0.0517424	0.0575119	0.0487053	0.00171666	-1
135	0.052074	0.0575119	0.0488326	0.00224673	-1
136	0.0515106	0.0575119	0.0451374	0.0024104	-1
137	0.0514477	0.0575119	0.0465421	0.00244865	-1
138	0.0510408	0.0575119	0.0454936	0.00232402	-1
139	0.0514094	0.0575119	0.0459848	0.00242034	-1
140	0.0512762	0.0575119	0.0454281	0.00228391	-1
121	0.0287573	0.240964	0.00307277	0.0334815	-1
122	0.0326096	0.240964	0.00273437	0.0344737	-1
123	0.0240198	0.240964	0.00240625	0.0336202	-1
124	0.0220008	0.240964	0.00221936	0.034661	-1
125	0.0224248	0.240964	0.00231181	0.0344307	-1
126	0.0245097	0.240964	0.00250901	0.0339397	-1
127	0.0264981	0.240964	0.00314115	0.034773	-1
128	0.0221678	0.240964	0.00249175	0.0335492	-1
129	0.0278804	0.240964	0.00364178	0.0342357	-1
130	0.0243675	0.240964	0.0022806	0.0345798	-1
121	0.0525787	0.720692	0.00202895	0.130748	-1
122	0.0470503	0.720692	0.00164686	0.11705	-1
123	0.049459	0.720692	0.00228566	0.113379	-1
124	0.0400829	0.720692	0.00220442	0.0996895	-1
125	0.0592787	0.720692	0.0020127	0.135949	-1
126	0.0424071	0.720692	0.00246826	0.100343	-1
127	0.0528429	0.720692	0.00324889	0.132263	-1
128	0.0520375	0.720692	0.00218627	0.121647	-1
129	0.0557044	0.720692	0.00370969	0.112373	-1
130	0.0466816	0.720692	0.00224563	0.098746	-1
141	0.0507722	0.0575119	0.0452305	0.00249909	-1
142	0.050957	0.0575119	0.044167	0.00309475	-1
143	0.051365	0.0575119	0.0440524	0.00342125	-1
144	0.0505846	0.0575119	0.0437278	0.0031956	-1
145	0.0512493	0.0579318	0.0440625	0.00307225	-1
146	0.050216	0.0579318	0.0386492	0.00345921	-1
147	0.0504831	0.0579318	0.0352039	0.0038806	-1
148	0.0511397	0.0579318	0.0401391	0.0031177	-1
149	0.0511364	0.0579318	0.0446036	0.00244506	-1
150	0.051522	0.0579318	0.0468789	0.00196392	-1
131	0.0446931	0.720692	0.00211445	0.0988491	-1
132	0.0533878	0.720692	0.00206984	0.135395	-1
133	0.0379955	0.720692	0.00221299	0.100387	-1
134	0.0403966	0.720692	0.00197902	0.100211	-1
135	0.0391908	0.720692	0.00210798	0.10011	-1
136	0.0362289	0.720692	0.0022918	0.100314	-1
137	0.038117	0.720692	0.00174274	0.100244	-1
138	0.0429877	0.720692	0.0020391	0.13387	-1
139	0.0366162	0.720692	0.00166124	0.104514	-1
140	0.0311979	0.720692	0.00222601	0.10058	-1
131	0.0291601	0.240964	0.00285465	0.0343263	-1
132	0.0260211	0.240964	0.00240989	0.0338755	-1
133	0.0262708	0.240964	0.00218515	0.0342415	-1
134	0.0328385	0.240964	0.00245116	0.0409845	-1
135	0.0296719	0.240964	0.002603	0.0372338	-1
136	0.030586	0.240964	0.00257507	0.0346071	-1
137	0.027176	0.240964	0.00399377	0.0330377	-1
138	0.0274753	0.240964	0.00208728	0.0340062	-1
139	0.0278206	0.240964	0.00539976	0.0329264	-1
140	0.0307376	0.240964	0.00232562	0.034506	-1
151	0.0515548	0.0579318	0.0465831	0.00208672	-1
152	0.0519652	0.0579318	0.0453649	0.0023281	-1
153	0.0527117	0.0579318	0.0490705	0.00213451	-1
154	0.0519835	0.0579318	0.0452625	0.00243456	-1
155	0.0516847	0.0579318	0.0473659	0.00211502	-1
156	0.0514273	0.0579318	0.0447035	0.00248062	-1
157	0.0514933	0.0579318	0.0451733	0.0025485	-1
158	0.0511691	0.0579318	0.045979	0.00204623	-1
159	0.0508204	0.0579318	0.0457781	0.00222439	-1
160	0.0508622	0.0579318	0.0467528	0.0021671	-1
141	0.030906	0.720692	0.0021309	0.100692	-1
142	0.035164	0.720692	0.00242314	0.101357	-1
143	0.0335606	0.720692	0.00277023	0.100392	-1
144	0.0346937	0.720692	0.00436683	0.100201	-1
145	0.0308634	0.720692	0.00226696	0.100828	-1
146	0.0381473	0.720692	0.00179822	0.110678	-1
147	0.0360638	0.720692	0.00272255	0.100426	-1
148	0.0412335	0.720692	0.00253031	0.110859	-1
149	0.0479648	0.720692	0.00218572	0.127138	-1
150	0.0410005	0.720692	0.00236497	0.0999285	-1
161	0.050877	0.0579318	0.0469378	0.00233732	-1
162	0.0510136	0.0579318	0.0452842	0.00239106	-1
163	0.0514435	0.0579318	0.0464975	0.00225665	-1
164	0.05152	0.0579318	0.0483032	0.00209919	-1
165	0.0516876	0.0579318	0.0372624	0.00314574	-1
166	0.0511302	0.0579318	0.0294554	0.00389673	-1
167	0.0514668	0.0579318	0.0490208	0.00194733	-1
168	0.0519197	0.0579318	0.0464017	0.00223948	-1
169	0.0517101	0.0579318	0.0459993	0.0026083	-1
170	0.0516833	0.0579318	0.0468766	0.00235663	-1
141	0.0329443	0.240964	0.00232039	0.0351615	-1
142	0.0262045	0.240964	0.0027315	0.0346631	-1
143	0.0278295	0.240964	0.0025068	0.034121	-1
144	0.0280098	0.240964	0.0026222	0.035369	-1
145	0.0309294	0.240964	0.00234073	0.0373792	-1
146	0.0227972	0.240964	0.00284714	0.0339568	-1
147	0.0237318	0.240964	0.00221472	0.0344604	-1
148	0.0262345	0.240964	0.00255307	0.0340444	-1
149	0.0230017	0.240964	0.00311813	0.0348527	-1
150	0.0240976	0.240964	0.00204467	0.033919	-1
171	0.0520085	0.0579318	0.0491992	0.00229203	-1
172	0.0520007	0.0579318	0.0472012	0.00235554	-1
173	0.0510019	0.0579318	0.0213775	0.00477042	-1
174	0.0513819	0.0579318	0.047624	0.00250105	-1
175	0.0517271	0.0579318	0.047991	0.00211973	-1
176	0.052053	0.0579318	0.0476807	0.00242522	-1
177	0.0515802	0.0579318	0.0470645	0.00247371	-1
178	0.0505838	0.0579318	0.00236011	0.00755351	-1
179	0.0510729	0.0579318	0.0459418	0.00298735	-1
180	0.051149	0.0579318	0.0464751	0.00262122	-1
151	0.0438545	0.720692	0.00237279	0.108363	-1
152	0.0430288	0.720692	0.00223232	0.111697	-1
153	0.0412442	0.720692	0.00230345	0.0999705	-1
154	0.0378148	0.720692	0.00262818	0.101239	-1
155	0.0400256	0.720692	0.00202786	0.100211	-1
156	0.0411325	0.720692	0.0027684	0.102052	-1
157	0.0470771	0.720692	0.00208407	0.11611	-1
158	0.0424272	0.720692	0.00225873	0.112334	-1
159	0.0469816	0.720692	0.002407	0.104573	-1
160	0.0530431	0.720692	0.0039536	0.133603	-1
151	0.0215934	0.240964	0.00243153	0.0341189	-1
152	0.0245624	0.240964	0.0023447	0.0341252	-1
153	0.0243349	0.240964	0.00257289	0.0345852	-1
154	0.0225193	0.240964	0.00205334	0.0340495	-1
155	0.0254003	0.240964	0.00219879	0.0357598	-1
156	0.021388	0.240964	0.0023308	0.0338499	-1
157	0.0272677	0.240964	0.00406029	0.0336808	-1
158	0.0276059	0.240964	0.00280752	0.0341493	-1
159	0.0284358	0.240964	0.00263848	0.0352155	-1
160	0.0227986	0.240964	0.00191041	0.0351372	-1
181	0.0510476	0.0579318	0.0448049	0.00264871	-1
182	0.0513679	0.0579318	0.0447418	0.00236047	-1
183	0.0516681	0.0579318	0.0464583	0.00227921	-1
184	0.0517713	0.0579318	0.0475982	0.00207967	-1
185	0.0517872	0.0579318	0.0473249	0.00238197	-1
186	0.0518536	0.0579318	0.0451931	0.00265449	-1
187	0.0506953	0.0579318	0.024352	0.00544805	-1
188	0.0508803	0.0579318	0.0211585	0.00505663	-1
189	0.0511541	0.0579318	0.0385215	0.00330873	-1
190	0.0500671	0.0579318	0.000240249	0.00861755	-1
161	0.0525967	0.720692	0.00234956	0.125219	-1
162	0.0882893	0.738574	0.00356777	0.175068	-1
163	0.0659383	0.738574	0.00191766	0.158164	-1
164	0.0367171	0.738574	0.00228924	0.103106	-1
165	0.0390963	0.738574	0.00175222	0.103807	-1
166	0.0433789	0.738574	0.00394288	0.102097	-1
167	0.0429369	0.738574	0.00251296	0.102206	-1
168	0.0377311	0.738574	0.0024749	0.102597	-1
169	0.0555123	0.738574	0.00276899	0.130086	-1
170	0.0350016	0.738574	0.00206828	0.102875	-1
161	0.0250488	0.240964	0.00219689	0.0338825	-1
162	0.0310869	0.240964	0.00272019	0.0365649	-1
163	0.0251658	0.240964	0.00224321	0.0329153	-1
164	0.0278161	0.240964	0.00264349	0.0329576	-1
165	0.0266114	0.240964	0.00229404	0.0328147	-1
166	0.0341137	0.240964	0.0035271	0.035819	-1
167	0.0246812	0.240964	0.00224805	0.0331116	-1
168	0.0237413	0.240964	0.00192796	0.0342966	-1
169	0.0287193	0.240964	0.00198492	0.033063	-1
170	0.0301675	0.240964	0.00159061	0.0403333	-1
191	0.051302	0.0579318	0.0449954	0.00268255	-1
192	0.0513402	0.0579318	0.0464073	0.00198947	-1
193	0.0504594	0.0579318	0.0454144	0.0025892	-1
194	0.0511879	0.0579318	0.0457869	0.00238413	-1
195	0.0513267	0.0579318	0.0448836	0.00287579	-1
196	0.0500809	0.0579318	0.000298609	0.00796905	-1
197	0.0508703	0.0579318	0.0216577	0.00501677	-1
198	0.0511641	0.0579318	0.0464887	0.0022902	-1
199	0.0511786	0.0579318	0.045802	0.00241457	-1
200	0.0513612	0.0579318	0.0465409	0.00216372	-1
171	0.0500009	0.738574	0.00253749	0.138059	-1
172	0.0473785	0.738574	0.00308278	0.121057	-1
173	0.0393517	0.738574	0.00262372	0.102469	-1
174	0.0544333	0.738574	0.00318465	0.125529	-1
175	0.0374871	0.738574	0.00342887	0.104069	-1
176	0.0339177	0.738574	0.00220664	0.103308	-1
177	0.0495929	0.738574	0.00235582	0.133256	-1
178	0.0378757	0.738574	0.0028378	0.102438	-1
179	0.0358321	0.738574	0.00224858	0.103033	-1
180	0.0414607	0.738574	0.00214191	0.105039	-1
171	0.0273284	0.240964	0.00245592	0.0327834	-1
172	0.0260524	0.240964	0.00270437	0.0335886	-1
173	0.0238901	0.240964	0.0017913	0.0338341	-1
174	0.0267714	0.240964	0.00203755	0.0352199	-1
175	0.0253079	0.240964	0.001241	0.033557	-1
176	0.0313059	0.240964	0.00215452	0.0335155	-1
177	0.0271942	0.240964	0.00190808	0.0339813	-1
178	0.0266357	0.240964	0.00167492	0.0336994	-1
179	0.0305943	0.240964	0.00246025	0.0360852	-1
180	0.0279039	0.240964	0.00192209	0.0344966	-1
201	0.0516414	0.0579318	0.0468735	0.00227887	-1
202	0.051076	0.0579318	0.0465759	0.00237528	-1
203	0.0504557	0.0579318	0.000235306	0.00767772	-1
204	0.0518646	0.0579318	0.0480256	0.0023307	-1
205	0.0514086	0.0579318	0.0458716	0.00231702	-1
206	0.051099	0.0579318	0.0463247	0.0023288	-1
207	0.0509849	0.0579318	0.046472	0.00240077	-1
208	0.0510237	0.0579318	0.0448466	0.00252091	-1
209	0.050855	0.0579318	0.0455429	0.00271141	-1
210	0.0502862	0.0579318	0.0428691	0.00254025	-1
181	0.0441561	0.738574	0.00277351	0.13113	-1
182	0.0483891	0.738574	0.00422397	0.126704	-1
183	0.0364789	0.738574	0.00293328	0.102736	-1
184	0.0423355	0.738574	0.00349704	0.102417	-1
185	0.0413235	0.738574	0.00334237	0.102232	-1
186	0.0367869	0.738574	0.00233808	0.102759	-1
187	0.046983	0.738574	0.00474375	0.119484	-1
188	0.04632	0.738574	0.0027622	0.101912	-1
189	0.0421449	0.738574	0.00385046	0.102141	-1
190	0.0397216	0.738574	0.00207946	0.102441	-1
181	0.0280096	0.240964	0.00300797	0.0332029	-1
182	0.0283706	0.240964	0.00294845	0.0331389	-1
183	0.0260723	0.240964	0.00297038	0.0329125	-1
184	0.029081	0.240964	0.00163843	0.0329072	-1
185	0.0266023	0.240964	0.00232202	0.0337063	-1
186	0.0237414	0.240964	0.00257383	0.0332758	-1
187	0.0255594	0.240964	0.0022277	0.033335	-1
188	0.0254561	0.240964	0.00273987	0.0354837	-1
189	0.0231482	0.240964	0.00219876	0.0327048	-1
190	0.0249453	0.240964	0.00221899	0.0330666	-1
211	0.0506766	0.0579318	0.0452403	0.00236324	-1
212	0.0511957	0.0579318	0.0439954	0.00261218	-1
213	0.051107	0.0579318	0.0465863	0.00199575	-1
214	0.0513242	0.0579318	0.0480475	0.00206656	-1
215	0.0514573	0.0579318	0.0478527	0.00205804	-1
216	0.0513683	0.0579318	0.0462522	0.00223997	-1
217	0.0517163	0.0579318	0.04838	0.00205228	-1
218	0.0515884	0.0579318	0.0475539	0.00210591	-1
219	0.0512246	0.0579318	0.0450877	0.0023404	-1
220	0.0511986	0.0579318	0.0479061	0.00196393	-1
191	0.0399234	0.738574	0.00254676	0.102463	-1
192	0.037402	0.738574	0.0024768	0.10289	-1
193	0.0405315	0.738574	0.00215106	0.102295	-1
194	0.0389757	0.738574	0.00215667	0.102534	-1
195	0.0424291	0.738574	0.00406897	0.102124	-1
196	0.0398633	0.738574	0.00243265	0.102476	-1
197	0.0392687	0.738574	0.00258758	0.102573	-1
198	0.0425542	0.738574	0.00386261	0.102514	-1
199	0.0518021	0.738574	0.00286855	0.138035	-1
200	0.0644725	0.738574	0.00239171	0.155454	-1
191	0.0271676	0.240964	0.00380169	0.0347426	-1
192	0.0290883	0.240964	0.00218668	0.0367376	-1
193	0.0283274	0.240964	0.00218227	0.0336509	-1
194	0.023301	0.240964	0.00203234	0.0331997	-1
195	0.0255064	0.240964	0.00322892	0.0335431	-1
196	0.0228198	0.240964	0.00211736	0.0332716	-1
197	0.0235186	0.240964	0.0023293	0.034093	-1
198	0.0244109	0.240964	0.00232735	0.0375193	-1
199	0.0234406	0.240964	0.00318836	0.0331566	-1
200	0.0234225	0.240964	0.00245821	0.0333592	-1
221	0.0514617	0.0579318	0.045805	0.0021383	-1
222	0.0510846	0.0579318	0.0484791	0.00150561	-1
223	0.0513025	0.0579318	0.0462207	0.00201028	-1
224	0.0510819	0.0579318	0.048844	0.0018513	-1
225	0.0513186	0.0579318	0.0482846	0.00217383	-1
226	0.0511753	0.0579318	0.0472165	0.00201069	-1
227	0.051389	0.0579318	0.0474112	0.00218693	-1
228	0.0516038	0.0579318	0.0468769	0.00207195	-1
229	0.051292	0.0579318	0.0482323	0.00203807	-1
230	0.0515557	0.0579318	0.04876	0.00196015	-1
201	0.0394505	0.738574	0.0025573	0.10271	-1
202	0.0420158	0.738574	0.00204529	0.102555	-1
203	0.0521538	0.738574	0.0040942	0.125222	-1
204	0.0524809	0.738574	0.00388398	0.103456	-1
205	0.0459469	0.738574	0.00257457	0.102453	-1
206	0.0541107	0.738574	0.00273915	0.116525	-1
207	0.0461804	0.738574	0.00341424	0.101367	-1
208	0.0730059	0.738574	0.00484814	0.151463	-1
209	0.0625091	0.738574	0.00533695	0.137736	-1
210	0.0436092	0.738574	0.00245209	0.101765	-1
201	0.0221599	0.240964	0.00203298	0.0333724	-1
202	0.0250224	0.240964	0.00654145	0.0335372	-1
203	0.0265071	0.240964	0.00268456	0.0335844	-1
204	0.0215833	0.240964	0.00260348	0.0336872	-1
205	0.0265127	0.240964	0.00324499	0.0372921	-1
206	0.0268863	0.240964	0.00254538	0.0344551	-1
207	0.024549	0.240964	0.00276014	0.0329434	-1
208	0.0282158	0.240964	0.0048704	0.0335526	-1
209	0.0272438	0.240964	0.00479789	0.0335052	-1
210	0.0271873	0.240964	0.00370645	0.0330477	-1
231	0.0519777	0.0579318	0.0493218	0.00210948	-1
232	0.05158	0.0579318	0.0486044	0.00220961	-1
233	0.0519937	0.0579318	0.0491432	0.00225051	-1
234	0.0518536	0.0579318	0.0491194	0.00181952	-1
235	0.0515314	0.0579318	0.046617	0.00228661	-1
236	0.0512555	0.0579318	0.0478704	0.00230931	-1
237	0.0513977	0.0579318	0.0482353	0.00198704	-1
238	0.0513193	0.0579318	0.0485971	0.00186121	-1
239	0.0514541	0.0579318	0.0482848	0.00205309	-1
240	0.0516821	0.0579318	0.0481744	0.00216366	-1
211	0.065458	0.738574	0.00341783	0.130052	-1
212	0.0445299	0.738574	0.00305112	0.101684	-1
213	0.0657123	0.738574	0.00277407	0.14282	-1
214	0.05715	0.738574	0.0023463	0.125633	-1
215	0.0491327	0.738574	0.00422047	0.101552	-1
216	0.0551743	0.738574	0.00238139	0.121246	-1
217	0.0458848	0.738574	0.00367662	0.101362	-1
218	0.0547107	0.738574	0.00247591	0.126336	-1
219	0.0445867	0.738574	0.00299387	0.101624	-1
220	0.0585716	0.738574	0.00219755	0.130727	-1
211	0.0255926	0.240964	0.00233962	0.0328318	-1
212	0.0279823	0.240964	0.00396875	0.0335397	-1
213	0.0273941	0.240964	0.00338675	0.0339224	-1
214	0.0274355	0.240964	0.00280918	0.0371182	-1
215	0.0279028	0.240964	0.00440266	0.0326888	-1
216	0.0309241	0.240964	0.00296473	0.0326845	-1
217	0.0303691	0.240964	0.0109811	0.0328908	-1
218	0.0275734	0.240964	0.00296892	0.0330611	-1
219	0.031917	0.240964	0.00838866	0.0327969	-1
220	0.030797	0.240964	0.00421985	0.0318959	-1
241	0.0515389	0.0579318	0.0428434	0.00271086	-1
242	0.0517734	0.0579318	0.0464723	0.00263538	-1
243	0.0507352	0.0579318	0.0313199	0.00394089	-1
244	0.0512505	0.0579318	0.0455003	0.00241929	-1
245	0.0511295	0.0579318	0.0453035	0.00208248	-1
246	0.0517624	0.0579318	0.0466849	0.00226237	-1
247	0.0521017	0.0579318	0.0477022	0.00220755	-1
248	0.0519481	0.0579318	0.0466614	0.00226742	-1
249	0.0520232	0.0579318	0.0456968	0.00240806	-1
250	0.051941	0.0579318	0.0442104	0.00249892	-1
221	0.0641547	0.738574	0.00308379	0.150832	-1
222	0.0437971	0.738574	0.00292179	0.104454	-1
223	0.0515096	0.738574	0.00394533	0.125725	-1
224	0.0524523	0.738574	0.00225899	0.11535	-1
225	0.0594776	0.738574	0.00561501	0.115776	-1
226	0.0703919	0.738574	0.00767464	0.143064	-1
227	0.0498578	0.738574	0.00547631	0.100644	-1
228	0.0507472	0.738574	0.00444424	0.100416	-1
229	0.0523801	0.738574	0.00410753	0.100779	-1
230	0.0507966	0.738574	0.00305699	0.100762	-1
221	0.0282086	0.240964	0.00197707	0.0327259	-1
222	0.0318602	0.240964	0.00581367	0.0393042	-1
223	0.0277968	0.240964	0.00211804	0.0329494	-1
224	0.0288012	0.240964	0.00269923	0.0344478	-1
225	0.0291216	0.240964	0.00298574	0.0325419	-1
226	0.0285059	0.240964	0.00494398	0.0319868	-1
227	0.0288218	0.240964	0.00400338	0.0332465	-1
228	0.0279057	0.240964	0.00254671	0.0358364	-1
229	0.0284889	0.240964	0.00241208	0.03202	-1
230	0.0279186	0.240964	0.00246819	0.034379	-1
251	0.0523126	0.0579318	0.0452516	0.00242712	-1
252	0.0518091	0.0579318	0.047219	0.00231878	-1
253	0.0518101	0.0579318	0.0457987	0.00268636	-1
254	0.0518654	0.0579318	0.045218	0.00277579	-1
255	0.0505603	0.0579318	0.0340408	0.00366217	-1
256	0.0515505	0.0579318	0.0454245	0.00223561	-1
257	0.0508439	0.0579318	0.0469038	0.00187975	-1
258	0.0515412	0.0579318	0.0473862	0.00222642	-1
259	0.0509696	0.0579318	0.0474804	0.00169407	-1
260	0.0512682	0.0579318	0.0461654	0.00238744	-1
231	0.0510794	0.738574	0.00548297	0.100229	-1
232	0.0566207	0.738574	0.00525504	0.118987	-1
233	0.0514226	0.738574	0.00414687	0.10068	-1
234	0.0467951	0.738574	0.00366409	0.101895	-1
235	0.0523801	0.738574	0.00385821	0.100891	-1
236	0.0515673	0.738574	0.00383045	0.100332	-1
237	0.0511196	0.738574	0.00285784	0.101853	-1
238	0.057282	0.738574	0.00374813	0.11882	-1
239	0.0590029	0.738574	0.00401822	0.114084	-1
240	0.0488261	0.738574	0.00262999	0.102855	-1
231	0.0274053	0.240964	0.00207262	0.0331544	-1
232	0.0250993	0.240964	0.00192597	0.0334889	-1
233	0.0272768	0.240964	0.00201642	0.0335624	-1
234	0.030362	0.240964	0.00209869	0.0329117	-1
235	0.0280665	0.240964	0.00276322	0.0337814	-1
236	0.0251548	0.240964	0.00192913	0.0328502	-1
237	0.0317025	0.240964	0.00406599	0.0331308	-1
238	0.0302846	0.240964	0.00254027	0.0327206	-1
239	0.0256527	0.240964	0.00317813	0.0353087	-1
240	0.0325777	0.240964	0.0049752	0.0358934	-1
261	0.0511493	0.0579318	0.04842	0.00178716	-1
262	0.0517609	0.0579318	0.0489654	0.00219454	-1
263	0.0510147	0.0579318	0.0475119	0.00206552	-1
264	0.0515882	0.0579318	0.046213	0.00216709	-1
265	0.0515112	0.0579318	0.0453754	0.00230956	-1
266	0.0513818	0.0579318	0.0463907	0.00238958	-1
267	0.0517415	0.0579318	0.0474811	0.00236218	-1
268	0.0513651	0.0579318	0.0462341	0.00233727	-1
269	0.0516695	0.0579318	0.0492762	0.00191146	-1
270	0.0513888	0.0579318	0.0489294	0.00208188	-1
241	0.050214	0.738574	0.00549602	0.100824	-1
242	0.0513144	0.738574	0.00470338	0.100491	-1
243	0.0615268	0.738574	0.00504239	0.134662	-1
244	0.0462731	0.760331	0.00252766	0.105	-1
245	0.0453401	0.760331	0.00396357	0.104991	-1
246	0.0407362	0.760331	0.00259354	0.105154	-1
247	0.0497193	0.760331	0.00250794	0.121652	-1
248	0.0565243	0.760331	0.00377011	0.14038	-1
249	0.0581069	0.760331	0.00370672	0.127657	-1
250	0.0466339	0.760331	0.00402344	0.104685	-1
271	0.0514726	0.0579318	0.0483458	0.00221538	-1
272	0.0516974	0.0579318	0.0488671	0.00207764	-1
273	0.0516774	0.0579318	0.0485563	0.00218113	-1
274	0.0520057	0.0579318	0.0488347	0.00220028	-1
275	0.0511043	0.0579318	0.0465589	0.00258556	-1
276	0.0515788	0.0579318	0.0465993	0.00236619	-1
277	0.051773	0.0579318	0.0460192	0.0022967	-1
278	0.0517637	0.0579318	0.0458135	0.00240548	-1
279	0.0520231	0.0579318	0.0473606	0.00214615	-1
280	0.0525024	0.0579318	0.0485083	0.00216431	-1
241	0.025913	0.240964	0.00201904	0.0335486	-1
242	0.028113	0.240964	0.00256584	0.0324436	-1
243	0.0280635	0.240964	0.00293754	0.0341136	-1
244	0.0265353	0.240964	0.00284491	0.0332018	-1
245	0.0271596	0.240964	0.00246941	0.0333017	-1
246	0.0267791	0.240964	0.00342143	0.0332597	-1
247	0.028061	0.240964	0.00243598	0.0333689	-1
248	0.0289377	0.240964	0.00291483	0.0329524	-1
249	0.0275897	0.240964	0.00287085	0.0340021	-1
250	0.0269019	0.240964	0.00225266	0.0342754	-1
251	0.0471941	0.760331	0.00260599	0.104635	-1
252	0.0493952	0.760331	0.00371992	0.103848	-1
253	0.060448	0.760331	0.00466458	0.124187	-1
254	0.0721864	0.760331	0.00604107	0.133664	-1
255	0.062036	0.760331	0.00410556	0.133003	-1
256	0.0483479	0.760331	0.00246038	0.104081	-1
257	0.0450841	0.760331	0.0023878	0.104918	-1
258	0.04498	0.760331	0.00346792	0.104766	-1
259	0.0452979	0.760331	0.00375163	0.10442	-1
260	0.0552647	0.760331	0.00257043	0.125508	-1
281	0.0523511	0.0579318	0.0468689	0.00217629	-1
282	0.0520704	0.0579318	0.0481143	0.00232219	-1
283	0.0514781	0.0579318	0.0458251	0.00229759	-1
284	0.0515867	0.0579318	0.0455758	0.00241508	-1
285	0.0522307	0.0579318	0.0478522	0.00196441	-1
286	0.0526339	0.0579318	0.0488933	0.0019872	-1
287	0.0523125	0.0579318	0.0474756	0.00221931	-1
288	0.0525588	0.0579318	0.0494209	0.00204719	-1
289	0.0522297	0.0579318	0.0484681	0.00214781	-1
290	0.0517912	0.0579318	0.048233	0.00189647	-1
251	0.0375167	0.240964	0.0063871	0.0334245	-1
252	0.0261639	0.240964	0.00200818	0.0337687	-1
253	0.0303542	0.240964	0.00369272	0.0327315	-1
254	0.0307545	0.240964	0.00247931	0.0333059	-1
255	0.027072	0.25139	0.00212414	0.0367474	-1
256	0.0376045	0.438031	0.00192539	0.06158	-1
257	0.0343826	0.438031	0.00206793	0.0614018	-1
258	0.0355003	0.438031	0.00208707	0.0611811	-1
259	0.0295364	0.438031	0.0021214	0.0614284	-1
260	0.0308036	0.438031	0.00204711	0.0618453	-1
261	0.0481584	0.760331	0.00208442	0.104111	-1
262	0.050084	0.760331	0.00273281	0.103704	-1
263	0.0480416	0.760331	0.00221901	0.104194	-1
264	0.0517821	0.760331	0.0048711	0.103294	-1
265	0.0517271	0.760331	0.00328027	0.103294	-1
266	0.0511701	0.760331	0.0034791	0.103495	-1
267	0.0497477	0.760331	0.0022486	0.103693	-1
268	0.0552943	0.760331	0.00900552	0.102713	-1
269	0.0534826	0.760331	0.00505396	0.102887	-1
270	0.0533045	0.760331	0.00616283	0.103111	-1
291	0.0519639	0.0579318	0.0447701	0.0023753	-1
292	0.051366	0.0579318	0.0451955	0.00243778	-1
293	0.051899	0.0579318	0.0478934	0.00238507	-1
294	0.0514737	0.0579318	0.0460455	0.00230185	-1
295	0.0521192	0.0579318	0.0467029	0.00214111	-1
296	0.0521593	0.0579318	0.0469001	0.00221554	-1
297	0.0519019	0.0579318	0.0478368	0.00214706	-1
298	0.0522726	0.0579318	0.0480982	0.00202632	-1
299	0.0515968	0.0579318	0.0480382	0.00217466	-1
300	0.0506762	0.0579318	0.024383	0.00429275	-1
261	0.0360506	0.438031	0.00204052	0.0805444	-1
262	0.0417249	0.503527	0.00176329	0.0911326	-1
263	0.0308122	0.503527	0.00238364	0.0709047	-1
264	0.0339725	0.503527	0.00214794	0.0698853	-1
265	0.0489424	0.503527	0.0022014	0.0893516	-1
266	0.031052	0.503527	0.0021892	0.0696095	-1
267	0.0420644	0.503527	0.0020936	0.0925399	-1
268	0.0348126	0.503527	0.00212972	0.0696438	-1
269	0.0382527	0.503527	0.00232482	0.0692539	-1
270	0.0383352	0.503527	0.0022223	0.0915571	-1
271	0.0514391	0.760331	0.00498462	0.103469	-1
272	0.0506218	0.760331	0.00518542	0.103871	-1
273	0.052224	0.760331	0.00409178	0.105012	-1
274	0.051764	0.760331	0.00378459	0.103739	-1
275	0.0485807	0.760331	0.00378079	0.105418	-1
276	0.0492336	0.760331	0.00240584	0.104542	-1
277	0.0516787	0.760331	0.00481768	0.103494	-1
278	0.0540592	0.760331	0.00235348	0.12322	-1
279	0.0569482	0.760331	0.00288303	0.132146	-1
280	0.0560282	0.760331	0.00253945	0.124805	-1
301	0.051551	0.0579318	0.044986	0.00249361	-1
302	0.0515303	0.0579318	0.04443	0.00252563	-1
303	0.051969	0.0579318	0.0468267	0.00221943	-1
304	0.0521806	0.0579318	0.0488269	0.00200927	-1
305	0.0522706	0.0579318	0.0489633	0.0020595	-1
306	0.0517575	0.0579318	0.0465354	0.0021793	-1
307	0.0514034	0.0579318	0.0454594	0.00249204	-1
308	0.0517247	0.0579318	0.0473866	0.00236575	-1
309	0.0508211	0.0579318	0.0453897	0.00242039	-1
310	0.0511661	0.0579318	0.0459845	0.00229791	-1
281	0.0446236	0.760331	0.00242506	0.106003	-1
282	0.0564166	0.760331	0.00225346	0.123421	-1
283	0.0566806	0.760331	0.00226894	0.139488	-1
284	0.0484466	0.760331	0.005031	0.104133	-1
285	0.071413	0.760331	0.00369957	0.146096	-1
286	0.0632913	0.760331	0.00384212	0.128339	-1
287	0.0567626	0.760331	0.00265503	0.134699	-1
288	0.0456986	0.762937	0.00326989	0.104845	-1
289	0.0561317	0.762937	0.00392194	0.127749	-1
290	0.0594221	0.762937	0.00377099	0.116748	-1
311	0.0514712	0.0579318	0.046054	0.00258127	-1
312	0.0506741	0.0579318	0.0435773	0.00296007	-1
313	0.0512486	0.0579318	0.0445593	0.00257133	-1
314	0.0509445	0.0579318	0.0439544	0.00253272	-1
315	0.0512429	0.0579318	0.0454748	0.00249049	-1
316	0.0513858	0.0579318	0.0453474	0.00250387	-1
317	0.0514397	0.0579318	0.0450718	0.00269201	-1
318	0.0511616	0.0579318	0.0438573	0.00249568	-1
319	0.0519901	0.0579318	0.0448928	0.0025012	-1
320	0.0524033	0.0579318	0.0472787	0.00222427	-1
291	0.0502567	0.762937	0.00374768	0.104159	-1
292	0.0528115	0.762937	0.00487155	0.103758	-1
293	0.0479871	0.762937	0.00545266	0.104364	-1
294	0.0602177	0.762937	0.00485799	0.126698	-1
295	0.0484599	0.762937	0.00504279	0.104343	-1
296	0.0667543	0.762937	0.0039544	0.13813	-1
297	0.0593274	0.762937	0.00194249	0.137621	-1
298	0.0598456	0.762937	0.00263597	0.126985	-1
299	0.0505209	0.762937	0.00280228	0.104225	-1
300	0.0505451	0.762937	0.00413752	0.104359	-1
321	0.0521224	0.0579318	0.0475409	0.00191988	-1
322	0.0526964	0.0579318	0.0479342	0.00229355	-1
323	0.0519395	0.0579318	0.0484139	0.00217953	-1
324	0.0521351	0.0579318	0.0485948	0.00187762	-1
325	0.0518013	0.0579318	0.0467222	0.00229179	-1
326	0.0507538	0.0579318	0.0464248	0.00224056	-1
327	0.0512798	0.0579318	0.0461506	0.00259507	-1
328	0.0513825	0.0579318	0.0465467	0.00255818	-1
329	0.0514558	0.0579318	0.0467175	0.00235523	-1
330	0.0517623	0.0579318	0.0468883	0.00226168	-1
271	0.0321397	0.503527	0.00197333	0.0702161	-1
272	0.0313286	0.503527	0.00208215	0.0697316	-1
273	0.0395713	0.503527	0.0027563	0.0930746	-1
274	0.0293959	0.503527	0.00201235	0.0702298	-1
275	0.0337754	0.503527	0.00224917	0.0697524	-1
276	0.0395076	0.503527	0.00245953	0.0926501	-1
277	0.0372482	0.503527	0.0033849	0.072642	-1
278	0.0308756	0.503527	0.00211754	0.07051	-1
279	0.0506593	0.503527	0.00224848	0.110387	-1
280	0.0282097	0.503527	0.00240874	0.0703226	-1
301	0.0610549	0.762937	0.00398314	0.130594	-1
302	0.0548706	0.762937	0.00320962	0.117214	-1
303	0.0443968	0.762937	0.00312445	0.10562	-1
304	0.0433232	0.762937	0.00222814	0.105575	-1
305	0.0631179	0.762937	0.00366205	0.141905	-1
306	0.0632246	0.762937	0.0028668	0.127215	-1
307	0.0562689	0.762937	0.00285687	0.129816	-1
308	0.0597675	0.762937	0.00202087	0.132662	-1
309	0.0492966	0.762937	0.00481781	0.104632	-1
310	0.0489115	0.762937	0.00391042	0.104612	-1
281	0.0433913	0.503527	0.00253398	0.0902446	-1
282	0.0309201	0.503527	0.00258857	0.0694797	-1
283	0.0326507	0.503527	0.00303557	0.0697679	-1
284	0.0469761	0.508312	0.000493095	0.112648	-1
285	0.0288696	0.508312	0.00234031	0.0703147	-1
286	0.0249922	0.508312	0.00226627	0.0712679	-1
287	0.027751	0.508312	0.00213054	0.0704197	-1
288	0.0278011	0.522744	0.00204586	0.0726687	-1
289	0.0283019	0.522744	0.00231847	0.0729046	-1
290	0.0307982	0.522744	0.0025142	0.073981	-1
311	0.0624053	0.762937	0.00510474	0.137665	-1
312	0.0698625	0.762937	0.00289192	0.143569	-1
313	0.0499405	0.762937	0.00406935	0.104133	-1
314	0.0490876	0.762937	0.00329391	0.105141	-1
315	0.0548848	0.762937	0.00395253	0.127172	-1
316	0.0636498	0.762937	0.00252835	0.129911	-1
317	0.0434124	0.762937	0.00241871	0.105741	-1
318	0.0514361	0.762937	0.00509815	0.104157	-1
319	0.0538849	0.762937	0.00313473	0.103848	-1
320	0.0596542	0.762937	0.00336353	0.122231	-1
321	0.0537328	0.762937	0.00486345	0.103971	-1
322	0.0622863	0.762937	0.00437696	0.132822	-1
323	0.0587623	0.762937	0.0027042	0.11766	-1
324	0.0584663	0.762937	0.00265909	0.142964	-1
325	0.0502861	0.762937	0.00267224	0.104685	-1
326	0.0547792	0.762937	0.00301574	0.128484	-1
327	0.0478712	0.762937	0.00411516	0.104566	-1
328	0.0497485	0.762937	0.00261867	0.104542	-1
329	0.0553598	0.762937	0.00356683	0.104251	-1
330	0.0568011	0.762937	0.00232214	0.103265	-1
291	0.0367798	0.522744	0.00230188	0.0983879	-1
292	0.0273782	0.522744	0.0023638	0.072963	-1
293	0.0288006	0.522744	0.00224598	0.0735702	-1
294	0.0358437	0.52438	0.00204755	0.0997544	-1
295	0.0300218	0.52438	0.00214331	0.0730342	-1
296	0.0316588	0.52438	0.00271361	0.0757956	-1
297	0.0281912	0.52438	0.00216596	0.0729691	-1
298	0.0288302	0.52438	0.00214904	0.0732364	-1
299	0.0450829	0.52438	0.00245721	0.108664	-1
300	0.0274206	0.52438	0.00227184	0.0731963	-1
331	0.0634822	0.762937	0.00444988	0.141737	-1
332	0.0502606	0.762937	0.00241727	0.105617	-1
333	0.0496252	0.762937	0.00258514	0.104304	-1
334	0.0490316	0.762937	0.00565443	0.104158	-1
335	0.0608675	0.762937	0.00245932	0.124424	-1
336	0.0511502	0.762937	0.0047569	0.103625	-1
337	0.0480981	0.762937	0.00485375	0.104419	-1
338	0.0531994	0.762937	0.00257428	0.104002	-1
339	0.0524892	0.811024	0.0037087	0.112565	-1
340	0.0501009	0.811024	0.00353073	0.111925	-1
301	0.0306951	0.52438	0.00292128	0.0748023	-1
302	0.0380969	0.52438	0.00218135	0.0978025	-1
303	0.0276088	0.52438	0.00194735	0.0727833	-1
304	0.0274369	0.52438	0.00214223	0.0729046	-1
305	0.0323979	0.555513	0.00236811	0.0816	-1
306	0.028858	0.555513	0.0026954	0.0779496	-1
307	0.0279045	0.555513	0.0023451	0.0772116	-1
308	0.0285865	0.555513	0.00305377	0.0775443	-1
309	0.042215	0.555513	0.00317565	0.109932	-1
310	0.0455533	0.555513	0.00259282	0.109138	-1
341	0.0760278	0.811024	0.0025034	0.167726	-1
342	0.0656918	0.811024	0.004658	0.14011	-1
343	0.0575449	0.811024	0.00319586	0.128601	-1
344	0.0688918	0.811024	0.00536288	0.148186	-1
345	0.0546554	0.811024	0.00519682	0.110301	-1
346	0.0521173	0.811024	0.00496794	0.110522	-1
347	0.0682453	0.811024	0.00436209	0.140846	-1
348	0.0826545	0.811024	0.00230978	0.158371	-1
349	0.04816	0.811024	0.00396708	0.111219	-1
350	0.0529417	0.811024	0.0042703	0.110334	-1
311	0.0314927	0.555513	0.00257088	0.0788574	-1
312	0.034066	0.555513	0.00355298	0.0781239	-1
313	0.038301	0.555513	0.00223548	0.0956589	-1
314	0.033092	0.567909	0.00271531	0.0796349	-1
315	0.0296278	0.567909	0.00180968	0.0795922	-1
316	0.0268011	0.567909	0.0013524	0.079779	-1
317	0.0258645	0.567909	0.00203435	0.0797278	-1
318	0.0244636	0.567909	0.0012473	0.0796258	-1
319	0.0400743	0.567909	0.00098707	0.0960968	-1
320	0.0274157	0.567909	0.00158879	0.0797626	-1
351	0.0614452	0.811024	0.00232262	0.125301	-1
352	0.0549379	0.811024	0.00492479	0.110172	-1
353	0.0633694	0.811024	0.00649147	0.145949	-1
354	0.0537954	0.811024	0.00243065	0.11343	-1
355	0.0521252	0.811024	0.00219266	0.110759	-1
356	0.0496143	0.811024	0.0026566	0.111269	-1
357	0.049429	0.811024	0.00437119	0.111267	-1
358	0.0712974	0.811024	0.00276128	0.161967	-1
359	0.0576107	0.811024	0.00276686	0.138097	-1
360	0.063393	0.811024	0.00149157	0.142076	-1
321	0.0425774	0.567909	0.001243	0.122274	-1
322	0.039634	0.567909	0.00133385	0.123607	-1
323	0.026324	0.567909	0.00130906	0.0799093	-1
324	0.035375	0.567909	0.0017581	0.105434	-1
325	0.0223154	0.567909	0.00222063	0.0796917	-1
326	0.0236478	0.567909	0.00229654	0.0799965	-1
327	0.0269245	0.567909	0.00165424	0.0806564	-1
328	0.0366371	0.567909	0.00198643	0.109086	-1
329	0.0467462	0.567909	0.00217619	0.122805	-1
330	0.0461799	0.567909	0.00209959	0.124723	-1
361	0.0594495	0.811024	0.00429031	0.140856	-1
362	0.0468037	0.811024	0.00168205	0.111989	-1
363	0.0445641	0.811024	0.00228223	0.11225	-1
364	0.0484561	0.811024	0.00261754	0.111775	-1
365	0.0635689	0.811024	0.00505031	0.143474	-1
366	0.0515182	0.811024	0.00391986	0.111332	-1
367	0.0577099	0.811024	0.00290624	0.133621	-1
368	0.0599858	0.811024	0.00338704	0.139756	-1
369	0.0558638	0.811024	0.00254553	0.136931	-1
370	0.0483598	0.811024	0.00390231	0.111373	-1
331	0.0351862	0.567909	0.00214389	0.0959517	-1
332	0.0344856	0.567909	0.00129082	0.107379	-1
333	0.0298346	0.567909	0.00163272	0.0801493	-1
334	0.0276628	0.567909	0.00152637	0.0806327	-1
335	0.0465128	0.567909	0.00219757	0.127494	-1
336	0.0405058	0.567909	0.00201033	0.111358	-1
337	0.0326597	0.567909	0.00162527	0.101594	-1
338	0.0456232	0.567909	0.00144492	0.124789	-1
339	0.0387653	0.567909	0.00161245	0.109867	-1
340	0.0385086	0.567909	0.00191171	0.107805	-1
371	0.0507176	0.811024	0.00297512	0.111414	-1
372	0.0524831	0.811024	0.00314936	0.112337	-1
373	0.0601009	0.811024	0.00249804	0.142795	-1
374	0.0494443	0.811024	0.00408057	0.111045	-1
375	0.0538398	0.811024	0.00234996	0.128119	-1
376	0.0463094	0.811024	0.00282991	0.111956	-1
377	0.0520636	0.811024	0.00236177	0.112857	-1
378	0.0594485	0.811024	0.00441257	0.1301	-1
379	0.0469448	0.811024	0.00280018	0.111828	-1
380	0.0552986	0.811024	0.00321728	0.134262	-1
341	0.0401859	0.567909	0.00191835	0.108878	-1
342	0.0734646	0.567909	0.00208878	0.162833	-1
343	0.0329942	0.567909	0.00181687	0.103429	-1
344	0.0289815	0.567909	0.00178697	0.0804839	-1
345	0.0255202	0.567909	0.00175776	0.0801916	-1
346	0.0279214	0.578704	0.00181705	0.0818875	-1
347	0.0373716	0.578704	0.00192629	0.110761	-1
348	0.0300662	0.578704	0.00188913	0.082269	-1
349	0.0342283	0.578704	0.00144291	0.111848	-1
350	0.0451125	0.578704	0.00154271	0.130825	-1
381	0.0584115	0.811024	0.00238041	0.137941	-1
382	0.0569013	0.811024	0.0022611	0.133143	-1
383	0.0472979	0.811024	0.00259945	0.111885	-1
384	0.059523	0.811024	0.00257335	0.131608	-1
385	0.0483378	0.811024	0.00341518	0.111499	-1
386	0.0661139	0.811024	0.00288481	0.14972	-1
387	0.0471481	0.811024	0.00275379	0.112044	-1
388	0.0444585	0.811024	0.00128229	0.111991	-1
389	0.0477027	0.811024	0.0028171	0.111388	-1
390	0.0544887	0.811024	0.00388631	0.110054	-1
351	0.0295446	0.578704	0.00151073	0.0828855	-1
352	0.0480933	0.578704	0.00181231	0.121871	-1
353	0.0318092	0.578704	0.00180818	0.105655	-1
354	0.0308712	0.578704	0.00158172	0.110175	-1
355	0.0183983	0.578704	0.00160416	0.0811112	-1
356	0.037008	0.578704	0.00174103	0.107012	-1
357	0.0215086	0.578704	0.00158688	0.0815726	-1
358	0.0341509	0.578704	0.00149912	0.110929	-1
359	0.0236427	0.578704	0.00159879	0.0820233	-1
360	0.0222384	0.578704	0.00137737	0.0814491	-1
391	0.0590835	0.811024	0.00503867	0.110925	-1
392	0.0579242	0.811024	0.00194908	0.133707	-1
393	0.0518758	0.811024	0.00336094	0.113658	-1
394	0.0517209	0.811024	0.00294265	0.111005	-1
395	0.0589872	0.811024	0.00276036	0.127064	-1
396	0.0572033	0.811024	0.00277078	0.118411	-1
397	0.0519447	0.811024	0.00426005	0.110193	-1
398	0.0711097	0.811024	0.00158086	0.15894	-1
399	0.0540899	0.811024	0.00471568	0.110389	-1
400	0.050783	0.811024	0.00209266	0.110886	-1
361	0.0294873	0.578704	0.00144092	0.0900925	-1
362	0.0206846	0.578704	0.00150141	0.0815144	-1
363	0.0215509	0.578704	0.00155992	0.0811129	-1
364	0.0222387	0.578704	0.00158481	0.0819578	-1
365	0.0243894	0.578704	0.00158348	0.0816585	-1
366	0.0430753	0.578704	0.00173038	0.125642	-1
367	0.0412659	0.578704	0.00149293	0.123792	-1
368	0.0488889	0.578704	0.00153092	0.126294	-1
369	0.0445975	0.578704	0.00160394	0.125788	-1
370	0.044167	0.578704	0.00140685	0.123618	-1
401	0.0612384	0.811024	0.00321051	0.125742	-1
402	0.0466451	0.811024	0.00327613	0.111409	-1
403	0.0487814	0.811024	0.00432511	0.111424	-1
404	0.0516975	0.811024	0.0090989	0.110274	-1
405	0.0483196	0.811024	0.0039797	0.111007	-1
406	0.0525475	0.811024	0.00501467	0.109954	-1
407	0.0627351	0.811024	0.00255683	0.133119	-1
408	0.0549686	0.811024	0.0164951	0.110487	-1
409	0.0661773	0.811024	0.00782077	0.13147	-1
410	0.0542372	0.811024	0.0137351	0.109724	-1
